VERSION: 4
COMMENT: Neon FCC
K0:       0.7437
K0P:       7.071000
SYMMETRY: CUBIC
A:      4.5200
ALPHAT:      0.000000
DIHKL:   2.6096    100.    1.00    1.00    1.00
DIHKL:   2.2600     53.    2.00    0.00    0.00
DIHKL:   1.5981     32.    2.00    2.00    0.00
DIHKL:   1.3628     31.    3.00    1.00    1.00
DIHKL:   1.3048      8.    2.00    2.00    2.00
DIHKL:   1.1300      3.    4.00    0.00    0.00
